0.558
0.743
0.727
0.5
0.625
0.747
0.734
0.72
0.707
0.493
0.484
0.741
0.722
0.702
0.458
0.536
0.713
0.705
0.68
0.464
0.694
0.71
0.661
0.686
0.575
0.716
0.647
0.684
0.71
0.599
0.722
0.463
0.703
0.632
0.66
0.671
0.478
0.598
0.568
0.67
0.607
0.594
0.663
0.519
0.666
0.59
0.647
0.647
0.62
0.656
0.587
0.669
0.609
0.671
0.658
0.589
0.655
0.53
0.648
0.59
0.623
0.631
0.573
0.646
0.557
0.65
0.623
0.62
0.628
0.42
0.622
0.432
0.628
0.585
0.557
0.606
0.51
0.613
0.541
0.62
0.604
0.554
0.6
0.441
0.594
0.559
0.578
0.624
0.352
0.576
0.279
0.555
0.348
0.5
0.519
0.39
0.547
0.265
0.542
0.515
0.501
0.611
0.559
0.613
0.572
0.606
0.603
0.594
0.604
0.557
0.607
