0
0.325509259
0.715185185
0.950798611
1.097233796
1.243657407
1.390069444
1.53650463
1.682928241
1.829351852
2.021412037
2.237326389
2.453252315
2.669166667
2.885081019
3.101006944
3.31693287
3.532858796
3.748784722
3.964699074
4.180625
4.388668981
4.813078704
5.2375
5.991423611
6.400243056
6.824652778
7.2490625
7.673483796
8.097893519
8.522314815
8.946747685
9.371168981
9.795578704
10.21997685
10.64439815
11.06881944
11.49324074
11.91765046
12.34206019
12.76648148
13.19087963
13.61530093
14.03971065
14.46412037
14.88851852
15.31292824
15.73733796
16.16175926
16.58616898
17.01059028
17.435
17.85940972
18.28383102
18.70822917
19.13290509
19.55731481
19.98173611
20.40615741
20.83059028
21.25502315
21.67943287
22.10385417
22.52827546
22.95270833
23.37711806
23.80152778
24.2259375
24.65037037
25.07478009
25.49917824
25.92358796
26.34798611
26.77240741
27.1968287
27.62125
28.0456713
28.47010417
28.89453704
29.31895833
29.74337963
30.16780093
30.5922338
31.01664352
31.44106481
31.86547454
32.28989583
32.71430556
33.13871528
33.563125
33.98755787
34.41197917
34.83640046
35.26081019
35.68520833
36.1096412
36.5340625
36.95847222
37.38289352
37.80731481
38.23174769
38.65614583
39.08055556
39.50496528
39.92938657
40.3537963
40.77822917
41.20265046
41.62706019
42.05149306
42.47590278
